img`    7 7 1 1 1 1 1 1 1 1 1 7 7 1 7 
    1 1 1 1 1 1 1 1 1 1 1 1 1 1 1 
    1 1 1 1 1 1 1 1 1 1 1 7 7 1 7 
    1 1 1 1 1 1 1 1 1 1 1 1 1 7 7 
    1 1 1 3 1 1 1 1 1 1 1 9 9 d 9 
    1 1 1 3 1 1 4 3 3 3 4 3 9 9 9 
    1 1 1 3 1 3 3 3 3 3 d c 9 9 d 
    1 1 1 7 3 3 3 3 3 9 e 3 d 9 d 
    1 7 9 9 3 3 3 3 3 3 e 7 9 d 7 
    9 9 9 9 3 3 3 3 3 d 7 7 9 7 7 
    4 4 9 2 3 9 9 e 3 7 7 7 9 7 7 
    d 4 9 3 e 5 7 9 3 7 7 7 7 7 7 
    d 4 d 3 9 7 9 7 3 7 7 7 7 7 7 
    7 4 7 f 4 9 7 7 3 3 9 7 7 7 7 
    7 9 7 9 9 8 8 8 9 9 9 d 7 7 7 
    7 7 7 7 7 7 5 8 d 9 4 d d 9 7 
`